0.06996453051097318,0.028874914094500225,0.03193828070679843,0.031070498341132208,0.03072746866859849,0.02708492386691395,0.02698801523936662,0.03274499658108662,0.03707230025023166,0.04602984166565708,0.023031724966877495,0.03741427434570214,0.03242928232292381,0.022362513803375606,0.03156043915664108,0.021613011596972993,0.028906724384305953,0.026847124207400336,0.05502647623791327,0.03651131292879461,0.039578708063831715,0.05070366421501826,0.032525027443128164,0.040485659702626874,0.0264409606882903,0.03894180470239979,0.031094387975081503,0.0338251595695139,0.031051807849139076,0.031878781903919254,0.021199564020252352,0.030590362434454062,0.02394598836937017,0.038033337513961665,0.03338025504739012,0.030812390068261038,0.044550385650686725,0.026344089566907026,0.035785597356484344,0.02388908534696386,0.029723115074234828,0.02378997727295624,0.03900425202041033,0.05603741617482101,0.03258400216180812,0.026973993360667727,0.038361432808932144,0.02093421816306014,0.031576859302490115,0.03878092723405121,0.03047822359655876,0.03276718757075041,0.03628542760900612,0.02102356763850972,0.0250881102059962,0.018317656763300626,0.031341718987844075,0.027529554845358028,0.021882931731437554,0.024675485586506236,0.04622593912611178,0.033161126979394474,0.022278614129710297,0.02907125255939639
0.028874914094500225,0.058861552661443294,0.02868138809780981,0.035927783574791,0.0342673214314448,0.031240716168185544,0.029143104337231253,0.04095659867691002,0.04044896838752076,0.046199911829105704,0.02757855442901928,0.036818136221551896,0.03307040221098069,0.024167920471034013,0.029325805129477703,0.024097794933070685,0.03182944492648705,0.030848701027483424,0.05118902830502067,0.03781060965818876,0.03901410482861023,0.04702605127183086,0.03128613782173926,0.03968257009348354,0.02614832101610421,0.04287523085180248,0.03232022544363999,0.0324806488342481,0.03261778467695545,0.033176593590776626,0.02083801931064957,0.03180043216324856,0.025002596032016114,0.03634518472050928,0.032747221185557465,0.031679391257730935,0.043587694826359415,0.029948665234628497,0.03255094663767668,0.023096696019768805,0.03219965893009704,0.027894907864723265,0.03925796520424591,0.04188361928256951,0.03361281416687229,0.026016517014131203,0.03636343667811328,0.024319833985807875,0.0303434842816539,0.043838426789302075,0.035147088842763394,0.03582142372751296,0.035291511591726464,0.02434565333209946,0.02619681656959497,0.022020084856285933,0.03174030972445986,0.031387184102032284,0.021591234778772134,0.028446517485259237,0.04364287899044185,0.03751475954519056,0.02493174731142398,0.028716336527439233
0.03193828070679843,0.02868138809780981,0.07291639253316153,0.03699383630971297,0.03161728326439645,0.02976357764104097,0.029577504892904484,0.03594473037124476,0.038005475428479686,0.0556146919235614,0.024736585905949945,0.04804631663007141,0.040893121321427216,0.02265574008055488,0.034514778516978865,0.02289189751307192,0.032927887313966245,0.027813920236081122,0.06703052223314847,0.03782417952497916,0.04954281951894025,0.057391029048827175,0.04087056246041505,0.05001091798168191,0.031624277775699296,0.04248646091112548,0.03332760458312527,0.03749638763424769,0.03804612018094418,0.032961765778522285,0.024542717024445493,0.03603584202046178,0.025315569313663487,0.046367045052164574,0.042107736744576844,0.04084983878793287,0.055220371844691314,0.02752247333490236,0.038898472711716627,0.0256591180839593,0.03153942695478962,0.02607194314528876,0.04631903213244799,0.059289100454266594,0.036244205121953144,0.03021769563004619,0.047365191367308365,0.021411693877766754,0.03993211763485715,0.04581620139476414,0.03393273178406068,0.0363143186896628,0.03820856356720539,0.023899629451073108,0.02679680963402781,0.019952925494688703,0.033312648963178815,0.029929047786569376,0.022713368699191352,0.025487135067833663,0.05485379522026719,0.03617891465682683,0.024707821591986635,0.049413198658312014
0.031070498341132208,0.035927783574791,0.03699383630971297,0.06651615190046452,0.036018865948075816,0.030658002042985164,0.029800580683255397,0.036304568483704704,0.03903006730082456,0.0571337139033885,0.02670623418982581,0.044961459040777245,0.04462848252645312,0.025443439243103737,0.034141625052958,0.024920444231794726,0.03197669325597772,0.03112111512105857,0.06824221055169592,0.040971002190930236,0.050054563153101764,0.061023981139525375,0.042962767857042866,0.05116022925407754,0.029860762613206266,0.04249197913392578,0.03284038238944271,0.03896344504891991,0.037340649830691755,0.03919048969753688,0.022836597374888273,0.03442186370835617,0.028450552089030537,0.04869542706318902,0.044835312100724015,0.04306848733037526,0.05399296690601296,0.027911439876942324,0.04016134688255291,0.023128791398150994,0.031098443268664143,0.02693753186378121,0.04963682530044152,0.05676714975180593,0.036362845216465656,0.029769883842390262,0.048495500928563764,0.023354099073368714,0.04113807170086905,0.0531155195086691,0.033591304424580984,0.038205401445027105,0.039468688741729464,0.023304980828116224,0.02723234852312637,0.02203633512380685,0.03427074715621905,0.03264310311449811,0.020733816523473846,0.025033746955749912,0.05670662154172911,0.03745984666677974,0.024781379961396354,0.0343948969235384
0.03072746866859849,0.0342673214314448,0.03161728326439645,0.036018865948075816,0.0678765038135337,0.03294214346672272,0.029915842358208964,0.03801072405841655,0.042204927406786066,0.050235796530982146,0.028728680525858225,0.04035541687224511,0.035827836035379604,0.026474722786243313,0.03140830354902614,0.02436562436546106,0.033566765339777066,0.030174014847839395,0.05741593084256171,0.04192838080591874,0.041422754363250776,0.05102111661411485,0.035423169083058384,0.04278475167711175,0.030179386880089823,0.04282655180822116,0.035118782024777244,0.03906471337283812,0.03683287656257714,0.0371549936974384,0.024050933796041694,0.0388166519579075,0.030986314509266033,0.04021527207257784,0.035327457406406804,0.03718393603714163,0.05113057996301365,0.029587810035692566,0.04079716241493014,0.023039239723912953,0.03235423592336545,0.02790136506449031,0.04331566725874483,0.04777865123284494,0.03572367219310058,0.028869916789394504,0.0434971000291364,0.025312950188018383,0.03415138645628717,0.04445608795205254,0.035595639452619905,0.04140825074980784,0.04172791901815982,0.024810763770722177,0.02787908990211522,0.023265056628749028,0.035798667857172714,0.03330023538804403,0.021060468458195283,0.028759088079122967,0.04830175120891261,0.03745241244383404,0.02645069436608517,0.03262746825847067
0.02708492386691395,0.031240716168185544,0.02976357764104097,0.030658002042985164,0.03294214346672272,0.05855340655342109,0.0334419444733198,0.03663394366948413,0.04016640823654035,0.04276082274822158,0.029371957410897542,0.037904174132107095,0.03205144884757419,0.025971983248475394,0.030332141412115553,0.023790672356108898,0.028737775375468445,0.029499225477429145,0.05029279336845002,0.04150282879287929,0.037395540815188755,0.04876665117460181,0.03182817902574205,0.038049127035063995,0.02873323082788957,0.043636825323155826,0.03579150083724574,0.03559381112725155,0.03374279068012495,0.03388900945413247,0.022237211288382932,0.034492130881000595,0.02578815701042949,0.03543112778969513,0.03219638372139298,0.032623738074744335,0.04564014164757438,0.02843258524845676,0.036113085286897426,0.02501486710346173,0.03337562004135434,0.026447529127569466,0.039899267618022795,0.04576242797509283,0.03447918408050865,0.026191560877341584,0.03509896731622807,0.026387973086555414,0.030835353511578137,0.04164119353044218,0.037530001198598666,0.03706190582961109,0.03813738584697032,0.024265354942519617,0.02831670783487954,0.02118834149654448,0.031621975062503395,0.031092225614284246,0.024078610324054825,0.028108391478582486,0.04375629486424448,0.03578052834174654,0.02614577397625252,0.027867903409038837
0.02698801523936662,0.029143104337231253,0.029577504892904484,0.029800580683255397,0.029915842358208964,0.0334419444733198,0.06053135829182179,0.03686316720506619,0.03906261637705161,0.04210758923580148,0.0278817974016553,0.04400834121995711,0.030904604535643667,0.023605919700790783,0.027633529396080513,0.02457698673981041,0.03187701312927165,0.02781629052578133,0.04858338714041904,0.039066298672284575,0.03567566392392078,0.05016909776912038,0.031487299808907326,0.03677536617072232,0.028304965770456512,0.043222184610952515,0.03310500138191116,0.03496905128965499,0.03292360381420522,0.03029685873134829,0.0224944399765043,0.04019180756333554,0.025493299486461018,0.03517003274382016,0.031009553774214108,0.030793022192143197,0.054735538404277126,0.028025987501705353,0.03476948363598518,0.026549413806958348,0.0314602214632053,0.025009830896106523,0.03618261808370484,0.042516380011954694,0.03392925221373626,0.028334050898246116,0.03403322283314693,0.02355347386648445,0.029677721509674133,0.038185309391750355,0.03390648952272178,0.03697148283213127,0.034886482551326425,0.023715206910710877,0.027255168658444632,0.02037508281324078,0.029993412726264813,0.02967049666678438,0.023907299037244787,0.028345376530356167,0.045320092022806506,0.03599387321905505,0.025531819706548872,0.028984614707369686
0.03274499658108662,0.04095659867691002,0.03594473037124476,0.036304568483704704,0.03801072405841655,0.03663394366948413,0.03686316720506619,0.08989040253461518,0.05878923958520747,0.058975555958722364,0.03217267281660738,0.04663729527027283,0.039504011545067316,0.02668119108632615,0.03419822977867607,0.03012200942175825,0.03935777763619355,0.03958343301974889,0.06618372756022858,0.051130606490241266,0.0469605919999503,0.06341495797305056,0.03968722237993781,0.049656872467543835,0.03307974692760726,0.0633106824899799,0.041374261070731104,0.04225203458468898,0.04015961316877063,0.03743473880919623,0.02633635153729841,0.040139585464647166,0.03318500416053349,0.04618644928184639,0.04107666117007072,0.040675087568397425,0.05672507345657034,0.03551247131058332,0.04222148970803717,0.03029395861177627,0.04351030025821914,0.035147743388380455,0.04930422787129458,0.05410294405463029,0.04666213501201874,0.032478494385452514,0.04697657936157227,0.03229781895398787,0.03958578322290877,0.05143412307514076,0.04529079196084209,0.04716301855110487,0.04535542568674558,0.03046472223802449,0.034404080192146115,0.026358172014661563,0.03830450969452755,0.0388422899973666,0.0292485844362145,0.04020075986655088,0.056446063057276195,0.04900725868492127,0.03253986521185709,0.036277672143139206
0.03707230025023166,0.04044896838752076,0.038005475428479686,0.03903006730082456,0.042204927406786066,0.04016640823654035,0.03906261637705161,0.05878923958520747,0.127321305794318,0.06692536600030326,0.03445895978525535,0.050975478155354546,0.04263018417187034,0.028333883339039006,0.03710659286339965,0.034038139889927446,0.04135309102765433,0.043203599943433764,0.07507312507003543,0.0685495291735134,0.05154687128476999,0.0703568302149802,0.04375290455132277,0.05573796931398998,0.03652560231370095,0.06360389644565569,0.04915359494427073,0.04341713485247094,0.04522832656581559,0.038433476369969646,0.025245222008721667,0.04568909105003801,0.035340836093291375,0.050073689601447334,0.04437657521392166,0.04430794409333858,0.060245737300683104,0.04410427748587313,0.04524180029068927,0.03165557271248808,0.04762722471023606,0.037074504890847335,0.05477457794689108,0.06376972576387491,0.0502795492239617,0.034561842461841706,0.05377691599882645,0.03526780324889107,0.042074832038518854,0.05492602083980257,0.06044695858657638,0.05746304310120679,0.05162022057523061,0.03388182671605736,0.03821374941989613,0.025784774477362465,0.04213598053100166,0.04143813123925318,0.030880389860746003,0.0459374733419613,0.06097616356311124,0.05075618347487159,0.03331806007752553,0.04128799220741467
0.04602984166565708,0.046199911829105704,0.0556146919235614,0.0571337139033885,0.050235796530982146,0.04276082274822158,0.04210758923580148,0.058975555958722364,0.06692536600030326,0.1790803110748942,0.03787672655105914,0.06720579067427204,0.06464758214090366,0.033190992708999216,0.05159419906553612,0.03483441627447554,0.04510560599990401,0.04451360812456308,0.11197934841679397,0.0629748123080344,0.07695167469665615,0.11673372840131482,0.0649171162804626,0.07827841672873091,0.0408923521325893,0.06741761224886138,0.04989519283877601,0.056387616057552506,0.05286031471652715,0.05135231146572087,0.03167100192943248,0.048815332035347894,0.040951332563529466,0.07222595026622895,0.06591581987206402,0.06675965593376953,0.08364340614004293,0.04248234480403461,0.0589151155867173,0.035672218110484745,0.04924883050294193,0.04289286353372718,0.07648989001298279,0.08808731087375178,0.05724351213236762,0.04364707560960691,0.0835982867878241,0.036295483955153834,0.06311407495135203,0.07431924306109416,0.05236978584578096,0.06548943957598262,0.0622574954432547,0.037536524178109126,0.03807629347556461,0.032646173105762566,0.05125502815963875,0.04542400179551565,0.03551083316614308,0.04031407721544456,0.08505644205856054,0.056960459750028974,0.038219760394035594,0.05137086043058542
0.023031724966877495,0.02757855442901928,0.024736585905949945,0.02670623418982581,0.028728680525858225,0.029371957410897542,0.0278817974016553,0.03217267281660738,0.03445895978525535,0.03787672655105914,0.0488846961612936,0.032606224902933405,0.027799029839188076,0.024179401489544852,0.02482698621379038,0.024130451917843482,0.028159459789175,0.02703656377430422,0.04067845773223692,0.03214236755132981,0.03212650974517734,0.04193592017231573,0.02723820381904116,0.03344410347428363,0.03000109324171515,0.037952491116552835,0.0371137902554146,0.03055219449779879,0.030115608166239795,0.027936183451434466,0.01906859085482863,0.03215978311555034,0.02270608767386106,0.03078663265747834,0.027833525596166288,0.027522704965980613,0.03810585817697742,0.02520122503386582,0.03053578908291914,0.024375531655626236,0.029130816171449515,0.023602082419304476,0.03203217517272363,0.03745813413687941,0.030908482737746996,0.0246570408528715,0.029552583539654047,0.02295182841533142,0.025852281556833043,0.03517310209180959,0.03226164815741217,0.03399885720739896,0.031377921884992346,0.02343349547809956,0.02774185000651514,0.022792026495252492,0.02903606753615075,0.029057226376272977,0.02028595750887499,0.026768150822783852,0.03777287123682754,0.03360264086487665,0.024431367779212336,0.02500310588034866
0.03741427434570214,0.036818136221551896,0.04804631663007141,0.044961459040777245,0.04035541687224511,0.037904174132107095,0.04400834121995711,0.04663729527027283,0.050975478155354546,0.06720579067427204,0.032606224902933405,0.10904423192028148,0.05012094389063261,0.028397657381839747,0.04028992736131121,0.03139023677928259,0.04183453435692718,0.03589895955285656,0.08242856003639157,0.05097199648272494,0.06592339687873981,0.0729843387744124,0.050629028102268346,0.07077297689945217,0.039073151971194556,0.05594556026341336,0.0437869226902403,0.049486821309578856,0.04718702411726735,0.04072306664266962,0.030813560817128494,0.049608390227918985,0.034544787482610376,0.06623620316686007,0.05292053807875287,0.05135345175297811,0.08296947363509626,0.03529887147917685,0.05004700702531247,0.030812618247609252,0.040647684079779145,0.03479998825459458,0.059051290067028445,0.07201063345453174,0.04691594617642555,0.03609275065899691,0.056766348434271884,0.03209572677171775,0.04958509392980279,0.05930336257756616,0.045764280132435706,0.04948677529111193,0.04939765998591403,0.029928928062709467,0.033410492061278635,0.026157444610278933,0.041658141515795596,0.04205806217014296,0.029255361404304785,0.0351044454550968,0.07332723190046678,0.048064010878848096,0.032713478144333334,0.04717283880412435
0.03242928232292381,0.03307040221098069,0.040893121321427216,0.04462848252645312,0.035827836035379604,0.03205144884757419,0.030904604535643667,0.039504011545067316,0.04263018417187034,0.06464758214090366,0.027799029839188076,0.05012094389063261,0.06647089048761812,0.02438461762026154,0.03717135133720638,0.0252614041382409,0.03400282132733067,0.0311975547222873,0.07520551899690095,0.042759252359506714,0.05655012898311091,0.06842304860449022,0.054265939939992125,0.059756954348157594,0.02929454620200014,0.04771031205190659,0.036556612092904735,0.043152220949838956,0.039924733796261234,0.037535205146991935,0.02354037429301799,0.03631568372241008,0.030120479707552928,0.05494286253493854,0.05407048866247177,0.051216327370806065,0.0627611293266147,0.028702751709266183,0.04284743247442719,0.025127312679352438,0.034444829501074616,0.02976295169492112,0.054532566183162795,0.06682464014694613,0.03911718627920256,0.03036406689250077,0.0561057303706898,0.024970253628645182,0.05019739997637198,0.05576220347198792,0.038067186942906374,0.04212535247144103,0.044052611537456356,0.02544996739629285,0.028845062261445693,0.024341390849805963,0.03928234905417461,0.03439383107818327,0.024964835916656134,0.02820698617268583,0.0632187648386548,0.03934763364856539,0.0264381042228216,0.037918560779337425
0.022362513803375606,0.024167920471034013,0.02265574008055488,0.025443439243103737,0.026474722786243313,0.025971983248475394,0.023605919700790783,0.02668119108632615,0.028333883339039006,0.033190992708999216,0.024179401489544852,0.028397657381839747,0.02438461762026154,0.04150332981244936,0.02221505103386988,0.018863070862346343,0.023908696558262818,0.021552230252715816,0.04093942584563027,0.030690398030859635,0.02832038862814108,0.039438877731816833,0.02464359967402115,0.027950009794764658,0.023546262442769885,0.031179260460710286,0.027693264368973645,0.026260108224604787,0.025214128764091737,0.029548055192276358,0.018584380556947035,0.028062353622671895,0.01957801760927543,0.02725273177259857,0.025341569711654785,0.025001000106987973,0.03461180169236679,0.021380264184195218,0.028601786084687778,0.019533660314034144,0.022693932841669904,0.019363337944264685,0.03266012939392618,0.03469581542440255,0.024651512634543765,0.02018027591674798,0.027692368832736656,0.019456283822657815,0.024074457479480293,0.03373345834968147,0.026703673837172984,0.025789415392486907,0.029733110833184015,0.017453910640404947,0.02296666079725727,0.018090040159461092,0.02408203826205179,0.025206067929646015,0.017844079073736748,0.020525580340721144,0.03322525560008436,0.02745408957289689,0.019674291552324672,0.021989222617609407
0.03156043915664108,0.029325805129477703,0.034514778516978865,0.034141625052958,0.03140830354902614,0.030332141412115553,0.027633529396080513,0.03419822977867607,0.03710659286339965,0.05159419906553612,0.02482698621379038,0.04028992736131121,0.03717135133720638,0.02221505103386988,0.08236879170505158,0.02306701657553161,0.029009728843660505,0.028384355468386597,0.061890601402032036,0.036370911262567356,0.04411741384156357,0.05533587320174684,0.03794341193984534,0.04351314633087935,0.02695340875940915,0.0413459613835855,0.030557011921459147,0.036184566938925265,0.03504718113504765,0.031903867705036955,0.021739123907245656,0.034917775257789295,0.030127040133643226,0.04097346278954584,0.03828146534154342,0.038567848228737475,0.050621810671779253,0.026479964422002768,0.03893440513502807,0.021686536557531742,0.0299203582003681,0.025814909895626677,0.044553756991205236,0.05606384213729221,0.03422832592423764,0.02754942224984686,0.04567886155365253,0.02163967485517671,0.03709357570614042,0.043878135882326724,0.035554837773478426,0.03618801206614046,0.03822823610973454,0.024187480332372616,0.02460597706677141,0.02118859303982517,0.03359605626392549,0.03215276435964681,0.02075688387174351,0.02545822153735241,0.04968920540656989,0.03599453461366511,0.025499000759206306,0.03169437936708263
0.021613011596972993,0.024097794933070685,0.02289189751307192,0.024920444231794726,0.02436562436546106,0.023790672356108898,0.02457698673981041,0.03012200942175825,0.034038139889927446,0.03483441627447554,0.024130451917843482,0.03139023677928259,0.0252614041382409,0.018863070862346343,0.02306701657553161,0.04853679299834322,0.025282011530175928,0.02515466533511874,0.04118691650596338,0.029139478472629453,0.030833326871063414,0.03878030800796182,0.026081909904059973,0.031069268138138522,0.024571226862435656,0.03313063245896953,0.03014996502074698,0.02875556377644986,0.0270301912166034,0.0242976897919417,0.01842139723249485,0.02726258928606297,0.022213963645463932,0.029034984966293524,0.026928427513804025,0.02559843507896293,0.036763576310197374,0.02501242408124733,0.02847424462832774,0.020328176592016675,0.02770528653014903,0.022676433530097143,0.030192387411115594,0.03655371772329042,0.02832164053995066,0.021565460260261456,0.02763378045219218,0.01882068007693565,0.02436434777135453,0.030712127375460176,0.027964687973706194,0.029815051325872623,0.027667437052378372,0.023627265633834642,0.02518863791008145,0.021482891766544318,0.026279753561824975,0.02707544220305284,0.019517763113220905,0.024761346956131424,0.03550661266029038,0.03261865547099319,0.02483232378995483,0.02221098488850837
0.028906724384305953,0.03182944492648705,0.032927887313966245,0.03197669325597772,0.033566765339777066,0.028737775375468445,0.03187701312927165,0.03935777763619355,0.04135309102765433,0.04510560599990401,0.028159459789175,0.04183453435692718,0.03400282132733067,0.023908696558262818,0.029009728843660505,0.025282011530175928,0.11363601064725225,0.027607784431058293,0.05732145958419367,0.03853756173981738,0.04162141074549968,0.05812828745072406,0.03263577101661121,0.04199756789216979,0.03373922255359999,0.04317411019990003,0.036079176181606505,0.03934754926670108,0.03591176038657504,0.03483979476383226,0.03756114609914414,0.04047059545425187,0.03066316221060791,0.03968567762742013,0.03294614532662392,0.03380572043573271,0.051988727684060876,0.03004423670811585,0.03884700534616291,0.02537386934854636,0.03143407806988481,0.02592813431006616,0.044481340888632405,0.0486861227934771,0.03605087109593789,0.030861306267503906,0.038752748382377245,0.02354798957226441,0.03132002007125594,0.047250925856986356,0.03454077058731432,0.04102502402103815,0.037925005324551064,0.026248033612654074,0.02808955537535782,0.022558443601826333,0.03627401313801895,0.03793303297964581,0.02505318415327762,0.028086046283782477,0.049471766639075654,0.04147132419182568,0.027307298374903668,0.035659439922578716
0.026847124207400336,0.030848701027483424,0.027813920236081122,0.03112111512105857,0.030174014847839395,0.029499225477429145,0.02781629052578133,0.03958343301974889,0.043203599943433764,0.04451360812456308,0.02703656377430422,0.03589895955285656,0.0311975547222873,0.021552230252715816,0.028384355468386597,0.02515466533511874,0.027607784431058293,0.06032867038153055,0.04737912063648892,0.03876484233217908,0.03631110921024065,0.04655176374289036,0.03113393241075375,0.038262377014406206,0.02738488753212089,0.042577014092485356,0.0354576021030375,0.031615338263852794,0.032886314982892226,0.02889796618136156,0.020560596608374112,0.03135409634427465,0.02641178118099257,0.03591553627000124,0.030692419784441403,0.0322551857553819,0.041209095679282354,0.029356613274664867,0.03358869793749341,0.02209540473463913,0.03425979750759307,0.027089280030591495,0.03743702118900631,0.04185855283356185,0.03381817317104551,0.02537348877193236,0.036244022518453926,0.024849451227263442,0.028837036158568585,0.03694184458836179,0.03747725829859871,0.03623689020717832,0.03614060855118544,0.025562738648441895,0.028497085786217437,0.02314248764844152,0.03146328787582714,0.031148709541022217,0.020443043375373168,0.02895768547614938,0.04259086129753727,0.03763868924473809,0.026421940441974736,0.026778916861230444
0.05502647623791327,0.05118902830502067,0.06703052223314847,0.06824221055169592,0.05741593084256171,0.05029279336845002,0.04858338714041904,0.06618372756022858,0.07507312507003543,0.11197934841679397,0.04067845773223692,0.08242856003639157,0.07520551899690095,0.04093942584563027,0.061890601402032036,0.04118691650596338,0.05732145958419367,0.04737912063648892,0.2509851543728123,0.07569769919198344,0.09587563463763016,0.13145821656072343,0.07653021387668153,0.09684359200967939,0.04933121938081282,0.085330569290917,0.058054720719416406,0.07116451754312396,0.06590564960338331,0.06653573448881293,0.039749664716609116,0.06295336784599112,0.049036492022207175,0.0877371387573284,0.08187259509917806,0.07692654354251023,0.10127314047404438,0.05218591433815008,0.071560366244945,0.04106794881878577,0.056922761601201514,0.048321906038445696,0.10892889239481998,0.10955131649830038,0.06392001082757,0.054817901016463326,0.09422131096836883,0.04089162471845072,0.07500790130491357,0.10076192069938712,0.057296181284107676,0.0769447079194436,0.07318528911483325,0.04229649995351661,0.046331952803022824,0.03761856583278616,0.06542830611168005,0.05833734947431211,0.042112584395852214,0.046207120702982586,0.11052956416408845,0.06579932596923871,0.04258062936108769,0.06644595455895431
0.03651131292879461,0.03781060965818876,0.03782417952497916,0.040971002190930236,0.04192838080591874,0.04150282879287929,0.039066298672284575,0.051130606490241266,0.0685495291735134,0.0629748123080344,0.03214236755132981,0.05097199648272494,0.042759252359506714,0.030690398030859635,0.036370911262567356,0.029139478472629453,0.03853756173981738,0.03876484233217908,0.07569769919198344,0.1397841735756978,0.05090163169360948,0.06966269291076296,0.041565173312508204,0.05343491898200758,0.03558259082557363,0.062214098207733284,0.0455236370360291,0.04641983921461035,0.047001852688609874,0.04120746259116735,0.02592956215150128,0.04536149286409483,0.03326093112700734,0.04771211144351028,0.044216082549227945,0.04360876631758669,0.0614562939672751,0.04073899584935585,0.04618726699348929,0.028743879411278445,0.044834533551810996,0.03428838421780971,0.06102686103751795,0.061805620775662935,0.04972947268931421,0.03389714981884415,0.054523997345014084,0.03598856805956356,0.040167820614726554,0.06245009735814287,0.062484055693740305,0.05665195864314566,0.05836377898903161,0.029155501932205657,0.036495469398169805,0.023554254799146836,0.04100530960334967,0.04097152028357,0.03333703339588621,0.03603947976899535,0.0625013998058792,0.0465673302067826,0.03141396503217486,0.03695834916866745
0.039578708063831715,0.03901410482861023,0.04954281951894025,0.050054563153101764,0.041422754363250776,0.037395540815188755,0.03567566392392078,0.0469605919999503,0.05154687128476999,0.07695167469665615,0.03212650974517734,0.06592339687873981,0.05655012898311091,0.02832038862814108,0.04411741384156357,0.030833326871063414,0.04162141074549968,0.03631110921024065,0.09587563463763016,0.05090163169360948,0.10296917152852107,0.08033158138959018,0.05747973025534071,0.08608043108617774,0.03506266792911861,0.058978094781308416,0.043189296734862485,0.05125753688404689,0.04774382395922014,0.045400981621630074,0.02848992893458433,0.043887890807740255,0.03465164247880741,0.07490328145082008,0.06024592008100181,0.05852762572584914,0.07434129888735755,0.03629254758714234,0.05107289970149891,0.031015673443921525,0.040781304514408395,0.036516396655133974,0.06657003815607519,0.0746473617758228,0.04986268223528965,0.03645925146630952,0.06453361458447274,0.029455916395126593,0.0552539692694148,0.06456910887053796,0.04243051329508457,0.05055471690913073,0.05159601666962518,0.029814031499774896,0.03370030366051991,0.02755472761623939,0.04502599500079465,0.042464929541085515,0.02978525599192292,0.03541400687593295,0.08346222739677976,0.04846424708041044,0.030727438218668506,0.04857028911582801
0.05070366421501826,0.04702605127183086,0.057391029048827175,0.061023981139525375,0.05102111661411485,0.04876665117460181,0.05016909776912038,0.06341495797305056,0.0703568302149802,0.11673372840131482,0.04193592017231573,0.0729843387744124,0.06842304860449022,0.039438877731816833,0.05533587320174684,0.03878030800796182,0.05812828745072406,0.04655176374289036,0.13145821656072343,0.06966269291076296,0.08033158138959018,0.347758862195851,0.07072272239343286,0.08459956547528824,0.04824754229181787,0.07394696932644082,0.05548497203459274,0.06360919897492039,0.05875289980901474,0.06042651595463182,0.039415388566429885,0.05583010753161081,0.04821937637903733,0.07739939671437732,0.07436603503890496,0.07245154741621918,0.09750604151332051,0.05198382805283173,0.06677734925010369,0.0422881189124,0.054043508706614146,0.04709731889150472,0.08372868316419092,0.09005203252907182,0.06249056118494326,0.049888819728702155,0.08692421373841823,0.037389669632643174,0.06734326063291442,0.09070091830497291,0.05483468194461867,0.06553598098168105,0.06891286288872445,0.03970949592076825,0.04131084260264823,0.03989584038034162,0.06186702020316971,0.05662384982284954,0.04095931636111431,0.043943689468739534,0.0971166567967122,0.06174998854745072,0.03979109096690823,0.06117727212136208
0.032525027443128164,0.03128613782173926,0.04087056246041505,0.042962767857042866,0.035423169083058384,0.03182817902574205,0.031487299808907326,0.03968722237993781,0.04375290455132277,0.0649171162804626,0.02723820381904116,0.050629028102268346,0.054265939939992125,0.02464359967402115,0.03794341193984534,0.026081909904059973,0.03263577101661121,0.03113393241075375,0.07653021387668153,0.041565173312508204,0.05747973025534071,0.07072272239343286,0.07151783393075975,0.060963140873489675,0.02864305543658899,0.04730729221255907,0.03640561453096369,0.04315824530753976,0.0402313613253855,0.03613250744199307,0.022749200417693877,0.037123089341830263,0.02928985969739512,0.05575859694413565,0.056386982869264614,0.05431806118016841,0.06314748993900413,0.02942956263407232,0.04321769374085504,0.025601254856282646,0.034115085593093425,0.031079192007987252,0.0546109328462324,0.06856731751392366,0.04051983692977062,0.0314755114627538,0.055655356637794653,0.024579361639261315,0.0526453958393352,0.05217373473802084,0.03603235741902692,0.041966883981245956,0.04322370505118939,0.025333836697064214,0.02761643098216769,0.023650881874223637,0.03972111661942267,0.034056385816038294,0.024658046956652965,0.028830928862978934,0.06570913059422406,0.03833879976777025,0.027130931448451003,0.03753625927128286
0.040485659702626874,0.03968257009348354,0.05001091798168191,0.05116022925407754,0.04278475167711175,0.038049127035063995,0.03677536617072232,0.049656872467543835,0.05573796931398998,0.07827841672873091,0.03344410347428363,0.07077297689945217,0.059756954348157594,0.027950009794764658,0.04351314633087935,0.031069268138138522,0.04199756789216979,0.038262377014406206,0.09684359200967939,0.05343491898200758,0.08608043108617774,0.08459956547528824,0.060963140873489675,0.11661285206650189,0.03653567185500463,0.05977300810459877,0.045973406726135826,0.05432929064363157,0.05085477297223717,0.04549954976271353,0.02949533571576884,0.04610502720101255,0.03721445485170647,0.08407799683589431,0.06266140762056208,0.06024041765290006,0.07823843817742786,0.03693953859027189,0.054265140424474806,0.03189564737337748,0.043445862130763756,0.03868812968267768,0.06969284010418465,0.080705773903678,0.0530327986667918,0.0397847829991064,0.06802103513773994,0.03162481532865913,0.05801004874269752,0.06873945970614034,0.04658458389537405,0.051606515847599274,0.054290716779916544,0.03142529459423685,0.034138609215435496,0.028257044078118132,0.047095478199115276,0.04242995636014667,0.031164051314711182,0.037316789386563284,0.08873718077249404,0.050822411352146456,0.03339744025782185,0.05215389133622761
0.0264409606882903,0.02614832101610421,0.031624277775699296,0.029860762613206266,0.030179386880089823,0.02873323082788957,0.028304965770456512,0.03307974692760726,0.03652560231370095,0.0408923521325893,0.03000109324171515,0.039073151971194556,0.02929454620200014,0.023546262442769885,0.02695340875940915,0.024571226862435656,0.03373922255359999,0.02738488753212089,0.04933121938081282,0.03558259082557363,0.03506266792911861,0.04824754229181787,0.02864305543658899,0.03653567185500463,0.08993101601828786,0.03814099374992983,0.04742541171169819,0.0358175217921713,0.03280256050118132,0.029949061522477338,0.02390031715219265,0.03586295306897482,0.02586971795164558,0.03377985147511635,0.02944733345848331,0.02996786115920599,0.04522929074147479,0.025380030068583654,0.03521633554785345,0.026904245219126946,0.028191087122871817,0.02339404379953719,0.03431287715485407,0.045671501751971336,0.033292016023799255,0.0279665146478244,0.033485550167637566,0.02166966398594121,0.02741275832828941,0.03706390762287162,0.0342671028779159,0.03602118710019378,0.03302535538372313,0.022669494634389893,0.029458261371166004,0.022030571845656946,0.03165472552955605,0.02970441187928974,0.020338103108327305,0.027155556463936168,0.04490706407742344,0.03732088686009153,0.02568121540593129,0.03363567943120592
0.03894180470239979,0.04287523085180248,0.04248646091112548,0.04249197913392578,0.04282655180822116,0.043636825323155826,0.043222184610952515,0.0633106824899799,0.06360389644565569,0.06741761224886138,0.037952491116552835,0.05594556026341336,0.04771031205190659,0.031179260460710286,0.0413459613835855,0.03313063245896953,0.04317411019990003,0.042577014092485356,0.085330569290917,0.062214098207733284,0.058978094781308416,0.07394696932644082,0.04730729221255907,0.05977300810459877,0.03814099374992983,0.12601011022499667,0.04877429661025681,0.052296295636167243,0.045953295848867134,0.04789831058396462,0.02951925042154787,0.04938633267739298,0.038460945174519666,0.05626386487904933,0.05001412389744757,0.04796803344549199,0.07034697800255166,0.04150956126998,0.04931555052070246,0.037721479177524594,0.05269664019223405,0.04097483406175764,0.06196525071793779,0.0677419800271349,0.05545290588047133,0.03659533953852839,0.05709166761001815,0.036293490628612646,0.04620214354855376,0.06374999119386793,0.056082796222938075,0.057035683025620634,0.054960717779043156,0.03533851629920359,0.04296558779254746,0.032018405774417544,0.04907837365330175,0.04748600826742383,0.037168461957500995,0.04324528489720914,0.0694857485670162,0.05671019393200141,0.037169321311644125,0.04641364378929858
0.031094387975081503,0.03232022544363999,0.03332760458312527,0.03284038238944271,0.035118782024777244,0.03579150083724574,0.03310500138191116,0.041374261070731104,0.04915359494427073,0.04989519283877601,0.0371137902554146,0.0437869226902403,0.036556612092904735,0.027693264368973645,0.030557011921459147,0.03014996502074698,0.036079176181606505,0.0354576021030375,0.058054720719416406,0.0455236370360291,0.043189296734862485,0.05548497203459274,0.03640561453096369,0.045973406726135826,0.04742541171169819,0.04877429661025681,0.08457543618943923,0.040238415603920635,0.03815415696715547,0.03534356528811982,0.025910569701123525,0.04117611844632076,0.03101562501731747,0.04203801104585521,0.03692169689388717,0.03763177230405971,0.05082779599854743,0.03283132487831987,0.04016055622497093,0.028499305420262525,0.0355595857769981,0.029357012150090643,0.044643209898737615,0.0537441560222125,0.038320561730860965,0.032588559560863435,0.04174416663668892,0.028138290695994505,0.0339724877026581,0.047235281256846055,0.04349969250715606,0.04376002750412519,0.042050165851128925,0.028646946881550023,0.034632087409278894,0.027318377073835862,0.03529155098963373,0.03580107411490542,0.02608696246406534,0.034741703431348664,0.05216577208903245,0.043019047772353464,0.03066830496807995,0.03312507373790557
0.0338251595695139,0.0324806488342481,0.03749638763424769,0.03896344504891991,0.03906471337283812,0.03559381112725155,0.03496905128965499,0.04225203458468898,0.04341713485247094,0.056387616057552506,0.03055219449779879,0.049486821309578856,0.043152220949838956,0.026260108224604787,0.036184566938925265,0.02875556377644986,0.03934754926670108,0.031615338263852794,0.07116451754312396,0.04641983921461035,0.05125753688404689,0.06360919897492039,0.04315824530753976,0.05432929064363157,0.0358175217921713,0.052296295636167243,0.040238415603920635,0.0795339830200343,0.04814507722284122,0.04176677291388461,0.028854735804276485,0.04464046323666635,0.03665574001936378,0.04969248055066033,0.043699065100252635,0.043736277856028204,0.06447024238826154,0.032696343411522576,0.04840480354396713,0.029597910771074223,0.0381738005790093,0.030898422764436294,0.051913465212685785,0.05869719461433711,0.04192895686828203,0.03374134451963043,0.04917968550666776,0.026870778214185424,0.04119633582601591,0.05759909217765045,0.040069278107305,0.04799234497911533,0.045814991060524224,0.02776484021307772,0.03435356013596517,0.02604274872093057,0.04143656018191854,0.04215590923893099,0.02546910911191598,0.031482073883635144,0.06332636795577881,0.04465180306658103,0.03034531179608057,0.037673792402624785
0.031051807849139076,0.03261778467695545,0.03804612018094418,0.037340649830691755,0.03683287656257714,0.03374279068012495,0.03292360381420522,0.04015961316877063,0.04522832656581559,0.05286031471652715,0.030115608166239795,0.04718702411726735,0.039924733796261234,0.025214128764091737,0.03504718113504765,0.0270301912166034,0.03591176038657504,0.032886314982892226,0.06590564960338331,0.047001852688609874,0.04774382395922014,0.05875289980901474,0.0402313613253855,0.05085477297223717,0.03280256050118132,0.045953295848867134,0.03815415696715547,0.04814507722284122,0.06659606546439988,0.037895777257522634,0.02630845472961012,0.04340126922584655,0.03309083822278968,0.04637061683876686,0.0419914806819316,0.04193655397614354,0.056924670088231946,0.034373128606378,0.04728269126205154,0.026945597278249002,0.037385890461286694,0.030262943629700542,0.049669588096774235,0.05748614394308076,0.039489987486344774,0.033139527251460285,0.04661051008302532,0.026008677486303557,0.039581855238957034,0.05403470649647654,0.04093004777301024,0.04373311820442874,0.04461205893571724,0.027044304875645585,0.033321849263657145,0.02453611714344024,0.039271609268865054,0.03853121810228643,0.02473675040727785,0.030123808768880912,0.05537164429288336,0.041047021038252536,0.029932968254215254,0.03745884652334942
0.031878781903919254,0.033176593590776626,0.032961765778522285,0.03919048969753688,0.0371549936974384,0.03388900945413247,0.03029685873134829,0.03743473880919623,0.038433476369969646,0.05135231146572087,0.027936183451434466,0.04072306664266962,0.037535205146991935,0.029548055192276358,0.031903867705036955,0.0242976897919417,0.03483979476383226,0.02889796618136156,0.06653573448881293,0.04120746259116735,0.045400981621630074,0.06042651595463182,0.03613250744199307,0.04549954976271353,0.029949061522477338,0.04789831058396462,0.03534356528811982,0.04176677291388461,0.037895777257522634,0.10015494818485798,0.027387355586938014,0.039119836621253325,0.028511904799628496,0.04120439740130674,0.0389353508422127,0.03704119140519515,0.05205808365026143,0.027812895552115392,0.041933040018760234,0.02457358975108704,0.03402158224962388,0.026794326042350904,0.054212422214302364,0.049425697173127295,0.034321793626531975,0.028763253949648588,0.04311392558407522,0.0245148776248592,0.03477514133739291,0.05780345711514537,0.03619971654253272,0.03878167701433748,0.04431016797884989,0.024517366617497226,0.029532557984711834,0.026356968139894747,0.03903654170001599,0.03326449468885619,0.0228826855310518,0.026473069576767136,0.05122392123576364,0.0373578501194154,0.025619441079800534,0.03154251344886654
